(kicad_pcb (version 20171130) (host pcbnew 5.0.2+dfsg1-1)

  (general
    (thickness 1.6)
    (drawings 9)
    (tracks 177)
    (zones 0)
    (modules 23)
    (nets 22)
  )

  (page A4)
  (layers
    (0 F.Cu signal)
    (31 B.Cu signal)
    (32 B.Adhes user)
    (33 F.Adhes user)
    (34 B.Paste user)
    (35 F.Paste user)
    (36 B.SilkS user)
    (37 F.SilkS user)
    (38 B.Mask user)
    (39 F.Mask user)
    (40 Dwgs.User user)
    (41 Cmts.User user)
    (42 Eco1.User user)
    (43 Eco2.User user)
    (44 Edge.Cuts user)
    (45 Margin user)
    (46 B.CrtYd user)
    (47 F.CrtYd user)
    (48 B.Fab user)
    (49 F.Fab user)
  )

  (setup
    (last_trace_width 0.2)
    (trace_clearance 0.15)
    (zone_clearance 0.508)
    (zone_45_only no)
    (trace_min 0.2)
    (segment_width 0.2)
    (edge_width 0.15)
    (via_size 0.4)
    (via_drill 0.3)
    (via_min_size 0.4)
    (via_min_drill 0.3)
    (uvia_size 0.3)
    (uvia_drill 0.1)
    (uvias_allowed no)
    (uvia_min_size 0.2)
    (uvia_min_drill 0.1)
    (pcb_text_width 0.3)
    (pcb_text_size 1.5 1.5)
    (mod_edge_width 0.15)
    (mod_text_size 0.9 0.9)
    (mod_text_width 0.15)
    (pad_size 1.524 1.524)
    (pad_drill 0.762)
    (pad_to_mask_clearance 0.051)
    (solder_mask_min_width 0.25)
    (aux_axis_origin 0 0)
    (visible_elements FFFFFF7F)
    (pcbplotparams
      (layerselection 0x010fc_ffffffff)
      (usegerberextensions false)
      (usegerberattributes false)
      (usegerberadvancedattributes false)
      (creategerberjobfile false)
      (excludeedgelayer true)
      (linewidth 0.150000)
      (plotframeref false)
      (viasonmask false)
      (mode 1)
      (useauxorigin false)
      (hpglpennumber 1)
      (hpglpenspeed 20)
      (hpglpendiameter 15.000000)
      (psnegative false)
      (psa4output false)
      (plotreference true)
      (plotvalue true)
      (plotinvisibletext false)
      (padsonsilk false)
      (subtractmaskfromsilk false)
      (outputformat 1)
      (mirror false)
      (drillshape 1)
      (scaleselection 1)
      (outputdirectory ""))
  )

  (net 0 "")
  (net 1 /USB_XI)
  (net 2 Earth)
  (net 3 "Net-(C2-Pad1)")
  (net 4 3V3)
  (net 5 "Net-(C4-Pad1)")
  (net 6 "Net-(C4-Pad2)")
  (net 7 "Net-(C6-Pad2)")
  (net 8 "Net-(C6-Pad1)")
  (net 9 "Net-(C7-Pad2)")
  (net 10 "Net-(C8-Pad2)")
  (net 11 /12VR)
  (net 12 /5V)
  (net 13 /USB_D-)
  (net 14 /USB_D+)
  (net 15 /RS232_TX)
  (net 16 /RS232_RX)
  (net 17 /TTL_TX)
  (net 18 /TTL_RX)
  (net 19 "Net-(D2-Pad2)")
  (net 20 "Net-(D3-Pad2)")
  (net 21 /12V)

  (net_class Default "This is the default net class."
    (clearance 0.15)
    (trace_width 0.2)
    (via_dia 0.4)
    (via_drill 0.3)
    (uvia_dia 0.3)
    (uvia_drill 0.1)
    (add_net /12V)
    (add_net /RS232_RX)
    (add_net /RS232_TX)
    (add_net /TTL_RX)
    (add_net /TTL_TX)
    (add_net /USB_D+)
    (add_net /USB_D-)
    (add_net /USB_XI)
    (add_net "Net-(C2-Pad1)")
    (add_net "Net-(C4-Pad1)")
    (add_net "Net-(C4-Pad2)")
    (add_net "Net-(C6-Pad1)")
    (add_net "Net-(C6-Pad2)")
    (add_net "Net-(C7-Pad2)")
    (add_net "Net-(C8-Pad2)")
    (add_net "Net-(D2-Pad2)")
    (add_net "Net-(D3-Pad2)")
  )

  (net_class HV ""
    (clearance 0.3)
    (trace_width 0.5)
    (via_dia 0.6)
    (via_drill 0.4)
    (uvia_dia 0.3)
    (uvia_drill 0.1)
    (add_net /12VR)
  )

  (net_class PWR ""
    (clearance 0.2)
    (trace_width 0.4)
    (via_dia 0.6)
    (via_drill 0.4)
    (uvia_dia 0.3)
    (uvia_drill 0.1)
    (add_net /5V)
    (add_net 3V3)
    (add_net Earth)
  )

  (module flarmusb:DC002 (layer F.Cu) (tedit 5DB0297E) (tstamp 5DBCB09C)
    (at 132.588 84.328 180)
    (path /5DA9105C)
    (fp_text reference J2 (at -2.54 0 90) (layer F.SilkS)
      (effects (font (size 1 1) (thickness 0.15)))
    )
    (fp_text value Barrel_Jack_Switch (at -8.4 0) (layer F.Fab)
      (effects (font (size 1 1) (thickness 0.15)))
    )
    (fp_line (start 0.2 2.5) (end -11.2 2.5) (layer F.SilkS) (width 0.1))
    (fp_line (start 0.2 -2.5) (end 0.2 2.5) (layer F.SilkS) (width 0.1))
    (fp_line (start -11.2 -2.5) (end 0.2 -2.5) (layer F.SilkS) (width 0.1))
    (fp_line (start -11.2 -2.5) (end -11.2 2.5) (layer F.SilkS) (width 0.1))
    (pad 3 thru_hole oval (at -2.5 2.7 270) (size 1.3 2) (drill oval 0.8 1.5) (layers *.Cu *.Mask)
      (net 2 Earth))
    (pad 2 thru_hole oval (at -5 0 180) (size 1.3 2) (drill oval 0.8 1.5) (layers *.Cu *.Mask)
      (net 2 Earth))
    (pad 1 thru_hole oval (at 0 0 180) (size 1.3 2) (drill oval 0.8 1.5) (layers *.Cu *.Mask)
      (net 11 /12VR))
  )

  (module Capacitor_SMD:C_0603_1608Metric (layer F.Cu) (tedit 5DA6166F) (tstamp 5DA600DE)
    (at 120.396 75.184 180)
    (descr "Capacitor SMD 0603 (1608 Metric), square (rectangular) end terminal, IPC_7351 nominal, (Body size source: http://www.tortai-tech.com/upload/download/2011102023233369053.pdf), generated with kicad-footprint-generator")
    (tags capacitor)
    (path /5DABEB73)
    (attr smd)
    (fp_text reference C1 (at 0 -1.43 180) (layer F.SilkS) hide
      (effects (font (size 0.9 0.9) (thickness 0.15)))
    )
    (fp_text value 22pF (at 0 1.43 180) (layer F.Fab)
      (effects (font (size 1 1) (thickness 0.15)))
    )
    (fp_line (start -0.8 0.4) (end -0.8 -0.4) (layer F.Fab) (width 0.1))
    (fp_line (start -0.8 -0.4) (end 0.8 -0.4) (layer F.Fab) (width 0.1))
    (fp_line (start 0.8 -0.4) (end 0.8 0.4) (layer F.Fab) (width 0.1))
    (fp_line (start 0.8 0.4) (end -0.8 0.4) (layer F.Fab) (width 0.1))
    (fp_line (start -0.162779 -0.51) (end 0.162779 -0.51) (layer F.SilkS) (width 0.12))
    (fp_line (start -0.162779 0.51) (end 0.162779 0.51) (layer F.SilkS) (width 0.12))
    (fp_line (start -1.48 0.73) (end -1.48 -0.73) (layer F.CrtYd) (width 0.05))
    (fp_line (start -1.48 -0.73) (end 1.48 -0.73) (layer F.CrtYd) (width 0.05))
    (fp_line (start 1.48 -0.73) (end 1.48 0.73) (layer F.CrtYd) (width 0.05))
    (fp_line (start 1.48 0.73) (end -1.48 0.73) (layer F.CrtYd) (width 0.05))
    (fp_text user %R (at 0 0 180) (layer F.Fab)
      (effects (font (size 0.4 0.4) (thickness 0.06)))
    )
    (pad 1 smd roundrect (at -0.7875 0 180) (size 0.875 0.95) (layers F.Cu F.Paste F.Mask) (roundrect_rratio 0.25)
      (net 1 /USB_XI))
    (pad 2 smd roundrect (at 0.7875 0 180) (size 0.875 0.95) (layers F.Cu F.Paste F.Mask) (roundrect_rratio 0.25)
      (net 2 Earth))
    (model ${KISYS3DMOD}/Capacitor_SMD.3dshapes/C_0603_1608Metric.wrl
      (at (xyz 0 0 0))
      (scale (xyz 1 1 1))
      (rotate (xyz 0 0 0))
    )
  )

  (module Capacitor_SMD:C_0603_1608Metric (layer F.Cu) (tedit 5DA61677) (tstamp 5DA6016E)
    (at 123.444 75.184 180)
    (descr "Capacitor SMD 0603 (1608 Metric), square (rectangular) end terminal, IPC_7351 nominal, (Body size source: http://www.tortai-tech.com/upload/download/2011102023233369053.pdf), generated with kicad-footprint-generator")
    (tags capacitor)
    (path /5DABEC2D)
    (attr smd)
    (fp_text reference C2 (at 0 -1.43 180) (layer F.SilkS) hide
      (effects (font (size 0.9 0.9) (thickness 0.15)))
    )
    (fp_text value 22pF (at 0 1.43 180) (layer F.Fab)
      (effects (font (size 1 1) (thickness 0.15)))
    )
    (fp_text user %R (at 0 0 180) (layer F.Fab)
      (effects (font (size 0.4 0.4) (thickness 0.06)))
    )
    (fp_line (start 1.48 0.73) (end -1.48 0.73) (layer F.CrtYd) (width 0.05))
    (fp_line (start 1.48 -0.73) (end 1.48 0.73) (layer F.CrtYd) (width 0.05))
    (fp_line (start -1.48 -0.73) (end 1.48 -0.73) (layer F.CrtYd) (width 0.05))
    (fp_line (start -1.48 0.73) (end -1.48 -0.73) (layer F.CrtYd) (width 0.05))
    (fp_line (start -0.162779 0.51) (end 0.162779 0.51) (layer F.SilkS) (width 0.12))
    (fp_line (start -0.162779 -0.51) (end 0.162779 -0.51) (layer F.SilkS) (width 0.12))
    (fp_line (start 0.8 0.4) (end -0.8 0.4) (layer F.Fab) (width 0.1))
    (fp_line (start 0.8 -0.4) (end 0.8 0.4) (layer F.Fab) (width 0.1))
    (fp_line (start -0.8 -0.4) (end 0.8 -0.4) (layer F.Fab) (width 0.1))
    (fp_line (start -0.8 0.4) (end -0.8 -0.4) (layer F.Fab) (width 0.1))
    (pad 2 smd roundrect (at 0.7875 0 180) (size 0.875 0.95) (layers F.Cu F.Paste F.Mask) (roundrect_rratio 0.25)
      (net 2 Earth))
    (pad 1 smd roundrect (at -0.7875 0 180) (size 0.875 0.95) (layers F.Cu F.Paste F.Mask) (roundrect_rratio 0.25)
      (net 3 "Net-(C2-Pad1)"))
    (model ${KISYS3DMOD}/Capacitor_SMD.3dshapes/C_0603_1608Metric.wrl
      (at (xyz 0 0 0))
      (scale (xyz 1 1 1))
      (rotate (xyz 0 0 0))
    )
  )

  (module Capacitor_SMD:C_0805_2012Metric (layer F.Cu) (tedit 5B36C52B) (tstamp 5DA6013E)
    (at 116.332 75.184 180)
    (descr "Capacitor SMD 0805 (2012 Metric), square (rectangular) end terminal, IPC_7351 nominal, (Body size source: https://docs.google.com/spreadsheets/d/1BsfQQcO9C6DZCsRaXUlFlo91Tg2WpOkGARC1WS5S8t0/edit?usp=sharing), generated with kicad-footprint-generator")
    (tags capacitor)
    (path /5DABC6E8)
    (attr smd)
    (fp_text reference C3 (at 2.032 0 270) (layer F.SilkS)
      (effects (font (size 0.9 0.9) (thickness 0.15)))
    )
    (fp_text value 100nF (at 0 1.65 180) (layer F.Fab)
      (effects (font (size 1 1) (thickness 0.15)))
    )
    (fp_text user %R (at 0 0 180) (layer F.Fab)
      (effects (font (size 0.5 0.5) (thickness 0.08)))
    )
    (fp_line (start 1.68 0.95) (end -1.68 0.95) (layer F.CrtYd) (width 0.05))
    (fp_line (start 1.68 -0.95) (end 1.68 0.95) (layer F.CrtYd) (width 0.05))
    (fp_line (start -1.68 -0.95) (end 1.68 -0.95) (layer F.CrtYd) (width 0.05))
    (fp_line (start -1.68 0.95) (end -1.68 -0.95) (layer F.CrtYd) (width 0.05))
    (fp_line (start -0.258578 0.71) (end 0.258578 0.71) (layer F.SilkS) (width 0.12))
    (fp_line (start -0.258578 -0.71) (end 0.258578 -0.71) (layer F.SilkS) (width 0.12))
    (fp_line (start 1 0.6) (end -1 0.6) (layer F.Fab) (width 0.1))
    (fp_line (start 1 -0.6) (end 1 0.6) (layer F.Fab) (width 0.1))
    (fp_line (start -1 -0.6) (end 1 -0.6) (layer F.Fab) (width 0.1))
    (fp_line (start -1 0.6) (end -1 -0.6) (layer F.Fab) (width 0.1))
    (pad 2 smd roundrect (at 0.9375 0 180) (size 0.975 1.4) (layers F.Cu F.Paste F.Mask) (roundrect_rratio 0.25)
      (net 2 Earth))
    (pad 1 smd roundrect (at -0.9375 0 180) (size 0.975 1.4) (layers F.Cu F.Paste F.Mask) (roundrect_rratio 0.25)
      (net 4 3V3))
    (model ${KISYS3DMOD}/Capacitor_SMD.3dshapes/C_0805_2012Metric.wrl
      (at (xyz 0 0 0))
      (scale (xyz 1 1 1))
      (rotate (xyz 0 0 0))
    )
  )

  (module Capacitor_SMD:C_0805_2012Metric (layer F.Cu) (tedit 5DB75D9B) (tstamp 5DA6020A)
    (at 123.444 78.232 180)
    (descr "Capacitor SMD 0805 (2012 Metric), square (rectangular) end terminal, IPC_7351 nominal, (Body size source: https://docs.google.com/spreadsheets/d/1BsfQQcO9C6DZCsRaXUlFlo91Tg2WpOkGARC1WS5S8t0/edit?usp=sharing), generated with kicad-footprint-generator")
    (tags capacitor)
    (path /5DA91EA3)
    (attr smd)
    (fp_text reference C4 (at 0 1.524 180) (layer F.SilkS)
      (effects (font (size 0.9 0.9) (thickness 0.15)))
    )
    (fp_text value 100nF (at 0 1.65 180) (layer F.Fab)
      (effects (font (size 1 1) (thickness 0.15)))
    )
    (fp_line (start -1 0.6) (end -1 -0.6) (layer F.Fab) (width 0.1))
    (fp_line (start -1 -0.6) (end 1 -0.6) (layer F.Fab) (width 0.1))
    (fp_line (start 1 -0.6) (end 1 0.6) (layer F.Fab) (width 0.1))
    (fp_line (start 1 0.6) (end -1 0.6) (layer F.Fab) (width 0.1))
    (fp_line (start -0.258578 -0.71) (end 0.258578 -0.71) (layer F.SilkS) (width 0.12))
    (fp_line (start -0.258578 0.71) (end 0.258578 0.71) (layer F.SilkS) (width 0.12))
    (fp_line (start -1.68 0.95) (end -1.68 -0.95) (layer F.CrtYd) (width 0.05))
    (fp_line (start -1.68 -0.95) (end 1.68 -0.95) (layer F.CrtYd) (width 0.05))
    (fp_line (start 1.68 -0.95) (end 1.68 0.95) (layer F.CrtYd) (width 0.05))
    (fp_line (start 1.68 0.95) (end -1.68 0.95) (layer F.CrtYd) (width 0.05))
    (fp_text user %R (at 0 0 180) (layer F.Fab)
      (effects (font (size 0.5 0.5) (thickness 0.08)))
    )
    (pad 1 smd roundrect (at -0.9375 0 180) (size 0.975 1.4) (layers F.Cu F.Paste F.Mask) (roundrect_rratio 0.25)
      (net 5 "Net-(C4-Pad1)"))
    (pad 2 smd roundrect (at 0.9375 0 180) (size 0.975 1.4) (layers F.Cu F.Paste F.Mask) (roundrect_rratio 0.25)
      (net 6 "Net-(C4-Pad2)"))
    (model ${KISYS3DMOD}/Capacitor_SMD.3dshapes/C_0805_2012Metric.wrl
      (at (xyz 0 0 0))
      (scale (xyz 1 1 1))
      (rotate (xyz 0 0 0))
    )
  )

  (module Capacitor_SMD:C_0805_2012Metric (layer F.Cu) (tedit 5DB75D2F) (tstamp 5DA6023A)
    (at 126.492 84.836 90)
    (descr "Capacitor SMD 0805 (2012 Metric), square (rectangular) end terminal, IPC_7351 nominal, (Body size source: https://docs.google.com/spreadsheets/d/1BsfQQcO9C6DZCsRaXUlFlo91Tg2WpOkGARC1WS5S8t0/edit?usp=sharing), generated with kicad-footprint-generator")
    (tags capacitor)
    (path /5DA921C2)
    (attr smd)
    (fp_text reference C5 (at 0 1.524 90) (layer F.SilkS)
      (effects (font (size 0.9 0.9) (thickness 0.15)))
    )
    (fp_text value 100nF (at 0 1.65 90) (layer F.Fab)
      (effects (font (size 1 1) (thickness 0.15)))
    )
    (fp_line (start -1 0.6) (end -1 -0.6) (layer F.Fab) (width 0.1))
    (fp_line (start -1 -0.6) (end 1 -0.6) (layer F.Fab) (width 0.1))
    (fp_line (start 1 -0.6) (end 1 0.6) (layer F.Fab) (width 0.1))
    (fp_line (start 1 0.6) (end -1 0.6) (layer F.Fab) (width 0.1))
    (fp_line (start -0.258578 -0.71) (end 0.258578 -0.71) (layer F.SilkS) (width 0.12))
    (fp_line (start -0.258578 0.71) (end 0.258578 0.71) (layer F.SilkS) (width 0.12))
    (fp_line (start -1.68 0.95) (end -1.68 -0.95) (layer F.CrtYd) (width 0.05))
    (fp_line (start -1.68 -0.95) (end 1.68 -0.95) (layer F.CrtYd) (width 0.05))
    (fp_line (start 1.68 -0.95) (end 1.68 0.95) (layer F.CrtYd) (width 0.05))
    (fp_line (start 1.68 0.95) (end -1.68 0.95) (layer F.CrtYd) (width 0.05))
    (fp_text user %R (at 0 0 90) (layer F.Fab)
      (effects (font (size 0.5 0.5) (thickness 0.08)))
    )
    (pad 1 smd roundrect (at -0.9375 0 90) (size 0.975 1.4) (layers F.Cu F.Paste F.Mask) (roundrect_rratio 0.25)
      (net 2 Earth))
    (pad 2 smd roundrect (at 0.9375 0 90) (size 0.975 1.4) (layers F.Cu F.Paste F.Mask) (roundrect_rratio 0.25)
      (net 4 3V3))
    (model ${KISYS3DMOD}/Capacitor_SMD.3dshapes/C_0805_2012Metric.wrl
      (at (xyz 0 0 0))
      (scale (xyz 1 1 1))
      (rotate (xyz 0 0 0))
    )
  )

  (module Capacitor_SMD:C_0805_2012Metric (layer F.Cu) (tedit 5DB75D91) (tstamp 5DA6026A)
    (at 119.888 78.232 180)
    (descr "Capacitor SMD 0805 (2012 Metric), square (rectangular) end terminal, IPC_7351 nominal, (Body size source: https://docs.google.com/spreadsheets/d/1BsfQQcO9C6DZCsRaXUlFlo91Tg2WpOkGARC1WS5S8t0/edit?usp=sharing), generated with kicad-footprint-generator")
    (tags capacitor)
    (path /5DA9212B)
    (attr smd)
    (fp_text reference C6 (at 0 1.524 180) (layer F.SilkS)
      (effects (font (size 0.9 0.9) (thickness 0.15)))
    )
    (fp_text value 100nF (at 0 1.65 180) (layer F.Fab)
      (effects (font (size 1 1) (thickness 0.15)))
    )
    (fp_text user %R (at 0 0 180) (layer F.Fab)
      (effects (font (size 0.5 0.5) (thickness 0.08)))
    )
    (fp_line (start 1.68 0.95) (end -1.68 0.95) (layer F.CrtYd) (width 0.05))
    (fp_line (start 1.68 -0.95) (end 1.68 0.95) (layer F.CrtYd) (width 0.05))
    (fp_line (start -1.68 -0.95) (end 1.68 -0.95) (layer F.CrtYd) (width 0.05))
    (fp_line (start -1.68 0.95) (end -1.68 -0.95) (layer F.CrtYd) (width 0.05))
    (fp_line (start -0.258578 0.71) (end 0.258578 0.71) (layer F.SilkS) (width 0.12))
    (fp_line (start -0.258578 -0.71) (end 0.258578 -0.71) (layer F.SilkS) (width 0.12))
    (fp_line (start 1 0.6) (end -1 0.6) (layer F.Fab) (width 0.1))
    (fp_line (start 1 -0.6) (end 1 0.6) (layer F.Fab) (width 0.1))
    (fp_line (start -1 -0.6) (end 1 -0.6) (layer F.Fab) (width 0.1))
    (fp_line (start -1 0.6) (end -1 -0.6) (layer F.Fab) (width 0.1))
    (pad 2 smd roundrect (at 0.9375 0 180) (size 0.975 1.4) (layers F.Cu F.Paste F.Mask) (roundrect_rratio 0.25)
      (net 7 "Net-(C6-Pad2)"))
    (pad 1 smd roundrect (at -0.9375 0 180) (size 0.975 1.4) (layers F.Cu F.Paste F.Mask) (roundrect_rratio 0.25)
      (net 8 "Net-(C6-Pad1)"))
    (model ${KISYS3DMOD}/Capacitor_SMD.3dshapes/C_0805_2012Metric.wrl
      (at (xyz 0 0 0))
      (scale (xyz 1 1 1))
      (rotate (xyz 0 0 0))
    )
  )

  (module Capacitor_SMD:C_0805_2012Metric (layer F.Cu) (tedit 5DB75D20) (tstamp 5DB761E6)
    (at 126.492 81.28 90)
    (descr "Capacitor SMD 0805 (2012 Metric), square (rectangular) end terminal, IPC_7351 nominal, (Body size source: https://docs.google.com/spreadsheets/d/1BsfQQcO9C6DZCsRaXUlFlo91Tg2WpOkGARC1WS5S8t0/edit?usp=sharing), generated with kicad-footprint-generator")
    (tags capacitor)
    (path /5DA91F74)
    (attr smd)
    (fp_text reference C7 (at 0 1.524 90) (layer F.SilkS)
      (effects (font (size 0.9 0.9) (thickness 0.15)))
    )
    (fp_text value 100nF (at 0 1.65 90) (layer F.Fab)
      (effects (font (size 1 1) (thickness 0.15)))
    )
    (fp_text user %R (at 0 0 90) (layer F.Fab)
      (effects (font (size 0.5 0.5) (thickness 0.08)))
    )
    (fp_line (start 1.68 0.95) (end -1.68 0.95) (layer F.CrtYd) (width 0.05))
    (fp_line (start 1.68 -0.95) (end 1.68 0.95) (layer F.CrtYd) (width 0.05))
    (fp_line (start -1.68 -0.95) (end 1.68 -0.95) (layer F.CrtYd) (width 0.05))
    (fp_line (start -1.68 0.95) (end -1.68 -0.95) (layer F.CrtYd) (width 0.05))
    (fp_line (start -0.258578 0.71) (end 0.258578 0.71) (layer F.SilkS) (width 0.12))
    (fp_line (start -0.258578 -0.71) (end 0.258578 -0.71) (layer F.SilkS) (width 0.12))
    (fp_line (start 1 0.6) (end -1 0.6) (layer F.Fab) (width 0.1))
    (fp_line (start 1 -0.6) (end 1 0.6) (layer F.Fab) (width 0.1))
    (fp_line (start -1 -0.6) (end 1 -0.6) (layer F.Fab) (width 0.1))
    (fp_line (start -1 0.6) (end -1 -0.6) (layer F.Fab) (width 0.1))
    (pad 2 smd roundrect (at 0.9375 0 90) (size 0.975 1.4) (layers F.Cu F.Paste F.Mask) (roundrect_rratio 0.25)
      (net 9 "Net-(C7-Pad2)"))
    (pad 1 smd roundrect (at -0.9375 0 90) (size 0.975 1.4) (layers F.Cu F.Paste F.Mask) (roundrect_rratio 0.25)
      (net 4 3V3))
    (model ${KISYS3DMOD}/Capacitor_SMD.3dshapes/C_0805_2012Metric.wrl
      (at (xyz 0 0 0))
      (scale (xyz 1 1 1))
      (rotate (xyz 0 0 0))
    )
  )

  (module Capacitor_SMD:C_0805_2012Metric (layer F.Cu) (tedit 5DB75D7C) (tstamp 5DA6010E)
    (at 116.332 78.232)
    (descr "Capacitor SMD 0805 (2012 Metric), square (rectangular) end terminal, IPC_7351 nominal, (Body size source: https://docs.google.com/spreadsheets/d/1BsfQQcO9C6DZCsRaXUlFlo91Tg2WpOkGARC1WS5S8t0/edit?usp=sharing), generated with kicad-footprint-generator")
    (tags capacitor)
    (path /5DA9202C)
    (attr smd)
    (fp_text reference C8 (at 0 -1.524 180) (layer F.SilkS)
      (effects (font (size 0.9 0.9) (thickness 0.15)))
    )
    (fp_text value 100nF (at 0 1.65) (layer F.Fab)
      (effects (font (size 1 1) (thickness 0.15)))
    )
    (fp_line (start -1 0.6) (end -1 -0.6) (layer F.Fab) (width 0.1))
    (fp_line (start -1 -0.6) (end 1 -0.6) (layer F.Fab) (width 0.1))
    (fp_line (start 1 -0.6) (end 1 0.6) (layer F.Fab) (width 0.1))
    (fp_line (start 1 0.6) (end -1 0.6) (layer F.Fab) (width 0.1))
    (fp_line (start -0.258578 -0.71) (end 0.258578 -0.71) (layer F.SilkS) (width 0.12))
    (fp_line (start -0.258578 0.71) (end 0.258578 0.71) (layer F.SilkS) (width 0.12))
    (fp_line (start -1.68 0.95) (end -1.68 -0.95) (layer F.CrtYd) (width 0.05))
    (fp_line (start -1.68 -0.95) (end 1.68 -0.95) (layer F.CrtYd) (width 0.05))
    (fp_line (start 1.68 -0.95) (end 1.68 0.95) (layer F.CrtYd) (width 0.05))
    (fp_line (start 1.68 0.95) (end -1.68 0.95) (layer F.CrtYd) (width 0.05))
    (fp_text user %R (at 0 0) (layer F.Fab)
      (effects (font (size 0.5 0.5) (thickness 0.08)))
    )
    (pad 1 smd roundrect (at -0.9375 0) (size 0.975 1.4) (layers F.Cu F.Paste F.Mask) (roundrect_rratio 0.25)
      (net 2 Earth))
    (pad 2 smd roundrect (at 0.9375 0) (size 0.975 1.4) (layers F.Cu F.Paste F.Mask) (roundrect_rratio 0.25)
      (net 10 "Net-(C8-Pad2)"))
    (model ${KISYS3DMOD}/Capacitor_SMD.3dshapes/C_0805_2012Metric.wrl
      (at (xyz 0 0 0))
      (scale (xyz 1 1 1))
      (rotate (xyz 0 0 0))
    )
  )

  (module Diode_SMD:D_SMA (layer F.Cu) (tedit 586432E5) (tstamp 5E00665C)
    (at 111.252 82.804 270)
    (descr "Diode SMA (DO-214AC)")
    (tags "Diode SMA (DO-214AC)")
    (path /5DA91DAE)
    (attr smd)
    (fp_text reference D1 (at 0 -2.5 270) (layer F.SilkS)
      (effects (font (size 0.9 0.9) (thickness 0.15)))
    )
    (fp_text value SS14 (at 0 2.6 270) (layer F.Fab)
      (effects (font (size 1 1) (thickness 0.15)))
    )
    (fp_text user %R (at 0 -2.5 270) (layer F.Fab)
      (effects (font (size 1 1) (thickness 0.15)))
    )
    (fp_line (start -3.4 -1.65) (end -3.4 1.65) (layer F.SilkS) (width 0.12))
    (fp_line (start 2.3 1.5) (end -2.3 1.5) (layer F.Fab) (width 0.1))
    (fp_line (start -2.3 1.5) (end -2.3 -1.5) (layer F.Fab) (width 0.1))
    (fp_line (start 2.3 -1.5) (end 2.3 1.5) (layer F.Fab) (width 0.1))
    (fp_line (start 2.3 -1.5) (end -2.3 -1.5) (layer F.Fab) (width 0.1))
    (fp_line (start -3.5 -1.75) (end 3.5 -1.75) (layer F.CrtYd) (width 0.05))
    (fp_line (start 3.5 -1.75) (end 3.5 1.75) (layer F.CrtYd) (width 0.05))
    (fp_line (start 3.5 1.75) (end -3.5 1.75) (layer F.CrtYd) (width 0.05))
    (fp_line (start -3.5 1.75) (end -3.5 -1.75) (layer F.CrtYd) (width 0.05))
    (fp_line (start -0.64944 0.00102) (end -1.55114 0.00102) (layer F.Fab) (width 0.1))
    (fp_line (start 0.50118 0.00102) (end 1.4994 0.00102) (layer F.Fab) (width 0.1))
    (fp_line (start -0.64944 -0.79908) (end -0.64944 0.80112) (layer F.Fab) (width 0.1))
    (fp_line (start 0.50118 0.75032) (end 0.50118 -0.79908) (layer F.Fab) (width 0.1))
    (fp_line (start -0.64944 0.00102) (end 0.50118 0.75032) (layer F.Fab) (width 0.1))
    (fp_line (start -0.64944 0.00102) (end 0.50118 -0.79908) (layer F.Fab) (width 0.1))
    (fp_line (start -3.4 1.65) (end 2 1.65) (layer F.SilkS) (width 0.12))
    (fp_line (start -3.4 -1.65) (end 2 -1.65) (layer F.SilkS) (width 0.12))
    (pad 1 smd rect (at -2 0 270) (size 2.5 1.8) (layers F.Cu F.Paste F.Mask)
      (net 21 /12V))
    (pad 2 smd rect (at 2 0 270) (size 2.5 1.8) (layers F.Cu F.Paste F.Mask)
      (net 11 /12VR))
    (model ${KISYS3DMOD}/Diode_SMD.3dshapes/D_SMA.wrl
      (at (xyz 0 0 0))
      (scale (xyz 1 1 1))
      (rotate (xyz 0 0 0))
    )
  )

  (module flarmusb:USB_Micro (layer F.Cu) (tedit 5A1C90FE) (tstamp 5DBCB1A9)
    (at 136.652 71.12 180)
    (descr http://www.molex.com/pdm_docs/sd/473460001_sd.pdf)
    (tags "Micro-USB SMD")
    (path /5DA90653)
    (attr smd)
    (fp_text reference J1 (at 1.016 3.048) (layer F.SilkS)
      (effects (font (size 0.9 0.9) (thickness 0.15)))
    )
    (fp_text value USB_B_Micro (at 0.07 -5.97 180) (layer F.Fab)
      (effects (font (size 1 1) (thickness 0.15)))
    )
    (fp_text user "PCB Front Edge" (at -2.85 7.62 270) (layer Dwgs.User)
      (effects (font (size 0.4 0.4) (thickness 0.04)))
    )
    (fp_line (start 1.72 3.94) (end 1.72 3.43) (layer F.SilkS) (width 0.12))
    (fp_line (start -3.74 4.6) (end -3.74 -4.6) (layer F.CrtYd) (width 0.05))
    (fp_line (start 2.52 4.6) (end -3.74 4.6) (layer F.CrtYd) (width 0.05))
    (fp_line (start 2.52 -4.6) (end 2.52 4.6) (layer F.CrtYd) (width 0.05))
    (fp_line (start -3.74 -4.6) (end 2.52 -4.6) (layer F.CrtYd) (width 0.05))
    (fp_line (start -3.48 3.75) (end -3.48 -3.75) (layer F.Fab) (width 0.1))
    (fp_line (start 1.52 3.75) (end -3.48 3.75) (layer F.Fab) (width 0.1))
    (fp_line (start 1.52 -3.75) (end 1.52 3.75) (layer F.Fab) (width 0.1))
    (fp_line (start -3.48 -3.75) (end 1.52 -3.75) (layer F.Fab) (width 0.1))
    (fp_line (start -2.47 3.94) (end -2.73 3.94) (layer F.SilkS) (width 0.12))
    (fp_line (start 1.72 3.94) (end -0.19 3.94) (layer F.SilkS) (width 0.12))
    (fp_line (start 1.72 -3.94) (end 1.72 -3.43) (layer F.SilkS) (width 0.12))
    (fp_line (start -0.19 -3.94) (end 1.72 -3.94) (layer F.SilkS) (width 0.12))
    (fp_line (start -2.73 -3.94) (end -2.47 -3.94) (layer F.SilkS) (width 0.12))
    (fp_line (start -2.78 -5) (end -2.78 5) (layer Dwgs.User) (width 0.15))
    (pad 1 smd rect (at 1.33 -1.3 180) (size 1.35 0.4) (layers F.Cu F.Paste F.Mask)
      (net 12 /5V) (clearance 0.2))
    (pad 2 smd rect (at 1.33 -0.65 180) (size 1.35 0.4) (layers F.Cu F.Paste F.Mask)
      (net 13 /USB_D-))
    (pad 3 smd rect (at 1.33 0 180) (size 1.35 0.4) (layers F.Cu F.Paste F.Mask)
      (net 14 /USB_D+))
    (pad 4 smd rect (at 1.33 0.65 180) (size 1.35 0.4) (layers F.Cu F.Paste F.Mask)
      (net 2 Earth))
    (pad 5 smd rect (at 1.33 1.3 180) (size 1.35 0.4) (layers F.Cu F.Paste F.Mask)
      (net 2 Earth) (clearance 0.2))
    (pad 6 smd rect (at -1.35 -3.95 180) (size 1.9 1.9) (layers F.Cu F.Paste F.Mask)
      (net 2 Earth))
    (pad 6 smd rect (at -1.35 3.95 180) (size 1.9 1.9) (layers F.Cu F.Paste F.Mask)
      (net 2 Earth))
    (pad 6 smd rect (at -1.35 -1.2 180) (size 1.9 1.9) (layers F.Cu F.Paste F.Mask)
      (net 2 Earth))
    (pad 6 smd rect (at -1.35 1.2 180) (size 1.9 1.9) (layers F.Cu F.Paste F.Mask)
      (net 2 Earth))
    (pad "" np_thru_hole circle (at 0.8 -2 180) (size 0.55 0.55) (drill 0.55) (layers *.Cu)
      (solder_mask_margin 0.1) (clearance 0.1))
    (pad "" np_thru_hole circle (at 0.8 2 180) (size 0.55 0.55) (drill 0.55) (layers *.Cu)
      (solder_mask_margin 0.05) (clearance 0.1))
    (model Connectors_Molex.3dshapes/USB_Micro-B_Molex_47346-0001.wrl
      (offset (xyz -1.269999980926514 0 1.269999980926514))
      (scale (xyz 0.39 0.39 0.39))
      (rotate (xyz -90 0 90))
    )
  )

  (module flarmusb:RJ45_SOCKET_SHLD (layer F.Cu) (tedit 5DA4B40E) (tstamp 5E006B71)
    (at 97.155 76.2 270)
    (tags RJ45)
    (path /5DA90CA3)
    (fp_text reference J3 (at 0 0 270) (layer F.SilkS)
      (effects (font (size 0.9 0.9) (thickness 0.15)))
    )
    (fp_text value RJ45_Shielded (at 0 -3.5 270) (layer F.Fab)
      (effects (font (size 1 1) (thickness 0.15)))
    )
    (fp_line (start 7.62 1.905) (end 7.62 -10.16) (layer F.SilkS) (width 0.15))
    (fp_line (start 7.62 -10.16) (end -7.62 -10.16) (layer F.SilkS) (width 0.15))
    (fp_line (start -7.62 -10.16) (end -7.62 1.905) (layer F.SilkS) (width 0.15))
    (pad "" np_thru_hole circle (at 5.715 0 270) (size 3.64998 3.64998) (drill 3.2512) (layers *.Cu *.Mask))
    (pad "" np_thru_hole circle (at -5.715 0 270) (size 3.64998 3.64998) (drill 3.2512) (layers *.Cu *.Mask))
    (pad 1 thru_hole rect (at -4.445 -6.35 270) (size 1.524 1.524) (drill 0.762) (layers *.Cu *.Mask F.SilkS)
      (net 2 Earth))
    (pad 2 thru_hole circle (at -3.175 -8.89 270) (size 1.524 1.524) (drill 0.762) (layers *.Cu *.Mask F.SilkS)
      (net 2 Earth))
    (pad 3 thru_hole circle (at -1.905 -6.35 270) (size 1.524 1.524) (drill 0.762) (layers *.Cu *.Mask F.SilkS)
      (net 15 /RS232_TX))
    (pad 4 thru_hole circle (at -0.635 -8.89 270) (size 1.524 1.524) (drill 0.762) (layers *.Cu *.Mask F.SilkS)
      (net 16 /RS232_RX))
    (pad 5 thru_hole circle (at 0.635 -6.35 270) (size 1.524 1.524) (drill 0.762) (layers *.Cu *.Mask F.SilkS))
    (pad 6 thru_hole circle (at 1.905 -8.89 270) (size 1.524 1.524) (drill 0.762) (layers *.Cu *.Mask F.SilkS))
    (pad 7 thru_hole circle (at 3.175 -6.35 270) (size 1.524 1.524) (drill 0.762) (layers *.Cu *.Mask F.SilkS)
      (net 21 /12V))
    (pad 8 thru_hole circle (at 4.445 -8.89 270) (size 1.524 1.524) (drill 0.762) (layers *.Cu *.Mask F.SilkS)
      (net 21 /12V))
    (pad SH thru_hole circle (at -7.62 3.048 270) (size 1.8 1.8) (drill 1.7) (layers *.Cu *.Mask)
      (net 2 Earth))
    (pad SH thru_hole circle (at 7.62 3.048 270) (size 1.8 1.8) (drill 1.7) (layers *.Cu *.Mask)
      (net 2 Earth))
    (model Connect.3dshapes/RJ45_8.wrl
      (at (xyz 0 0 0))
      (scale (xyz 0.4 0.4 0.4))
      (rotate (xyz 0 0 0))
    )
  )

  (module Package_TO_SOT_SMD:SOT-223-3_TabPin2 (layer F.Cu) (tedit 5A02FF57) (tstamp 5E0066C6)
    (at 130.048 71.12 90)
    (descr "module CMS SOT223 4 pins")
    (tags "CMS SOT")
    (path /5DA91733)
    (attr smd)
    (fp_text reference U1 (at 0 0 180) (layer F.SilkS)
      (effects (font (size 0.9 0.9) (thickness 0.15)))
    )
    (fp_text value LM3940-3.3 (at 0 4.5 90) (layer F.Fab)
      (effects (font (size 1 1) (thickness 0.15)))
    )
    (fp_text user %R (at 0 0 -180) (layer F.Fab)
      (effects (font (size 0.8 0.8) (thickness 0.12)))
    )
    (fp_line (start 1.91 3.41) (end 1.91 2.15) (layer F.SilkS) (width 0.12))
    (fp_line (start 1.91 -3.41) (end 1.91 -2.15) (layer F.SilkS) (width 0.12))
    (fp_line (start 4.4 -3.6) (end -4.4 -3.6) (layer F.CrtYd) (width 0.05))
    (fp_line (start 4.4 3.6) (end 4.4 -3.6) (layer F.CrtYd) (width 0.05))
    (fp_line (start -4.4 3.6) (end 4.4 3.6) (layer F.CrtYd) (width 0.05))
    (fp_line (start -4.4 -3.6) (end -4.4 3.6) (layer F.CrtYd) (width 0.05))
    (fp_line (start -1.85 -2.35) (end -0.85 -3.35) (layer F.Fab) (width 0.1))
    (fp_line (start -1.85 -2.35) (end -1.85 3.35) (layer F.Fab) (width 0.1))
    (fp_line (start -1.85 3.41) (end 1.91 3.41) (layer F.SilkS) (width 0.12))
    (fp_line (start -0.85 -3.35) (end 1.85 -3.35) (layer F.Fab) (width 0.1))
    (fp_line (start -4.1 -3.41) (end 1.91 -3.41) (layer F.SilkS) (width 0.12))
    (fp_line (start -1.85 3.35) (end 1.85 3.35) (layer F.Fab) (width 0.1))
    (fp_line (start 1.85 -3.35) (end 1.85 3.35) (layer F.Fab) (width 0.1))
    (pad 2 smd rect (at 3.15 0 90) (size 2 3.8) (layers F.Cu F.Paste F.Mask)
      (net 2 Earth))
    (pad 2 smd rect (at -3.15 0 90) (size 2 1.5) (layers F.Cu F.Paste F.Mask)
      (net 2 Earth))
    (pad 3 smd rect (at -3.15 2.3 90) (size 2 1.5) (layers F.Cu F.Paste F.Mask)
      (net 4 3V3))
    (pad 1 smd rect (at -3.15 -2.3 90) (size 2 1.5) (layers F.Cu F.Paste F.Mask)
      (net 12 /5V))
    (model ${KISYS3DMOD}/Package_TO_SOT_SMD.3dshapes/SOT-223.wrl
      (at (xyz 0 0 0))
      (scale (xyz 1 1 1))
      (rotate (xyz 0 0 0))
    )
  )

  (module Package_SO:SOIC-16_3.9x9.9mm_P1.27mm (layer F.Cu) (tedit 5A02F2D3) (tstamp 5DB2EE30)
    (at 119.888 70.104 90)
    (descr "16-Lead Plastic Small Outline (SL) - Narrow, 3.90 mm Body [SOIC] (see Microchip Packaging Specification 00000049BS.pdf)")
    (tags "SOIC 1.27")
    (path /5DA906FF)
    (attr smd)
    (fp_text reference U2 (at 0 0 180) (layer F.SilkS)
      (effects (font (size 0.9 0.9) (thickness 0.15)))
    )
    (fp_text value CH340G (at 0 6 90) (layer F.Fab)
      (effects (font (size 1 1) (thickness 0.15)))
    )
    (fp_text user %R (at 0 0 90) (layer F.Fab)
      (effects (font (size 0.9 0.9) (thickness 0.135)))
    )
    (fp_line (start -0.95 -4.95) (end 1.95 -4.95) (layer F.Fab) (width 0.15))
    (fp_line (start 1.95 -4.95) (end 1.95 4.95) (layer F.Fab) (width 0.15))
    (fp_line (start 1.95 4.95) (end -1.95 4.95) (layer F.Fab) (width 0.15))
    (fp_line (start -1.95 4.95) (end -1.95 -3.95) (layer F.Fab) (width 0.15))
    (fp_line (start -1.95 -3.95) (end -0.95 -4.95) (layer F.Fab) (width 0.15))
    (fp_line (start -3.7 -5.25) (end -3.7 5.25) (layer F.CrtYd) (width 0.05))
    (fp_line (start 3.7 -5.25) (end 3.7 5.25) (layer F.CrtYd) (width 0.05))
    (fp_line (start -3.7 -5.25) (end 3.7 -5.25) (layer F.CrtYd) (width 0.05))
    (fp_line (start -3.7 5.25) (end 3.7 5.25) (layer F.CrtYd) (width 0.05))
    (fp_line (start -2.075 -5.075) (end -2.075 -5.05) (layer F.SilkS) (width 0.15))
    (fp_line (start 2.075 -5.075) (end 2.075 -4.97) (layer F.SilkS) (width 0.15))
    (fp_line (start 2.075 5.075) (end 2.075 4.97) (layer F.SilkS) (width 0.15))
    (fp_line (start -2.075 5.075) (end -2.075 4.97) (layer F.SilkS) (width 0.15))
    (fp_line (start -2.075 -5.075) (end 2.075 -5.075) (layer F.SilkS) (width 0.15))
    (fp_line (start -2.075 5.075) (end 2.075 5.075) (layer F.SilkS) (width 0.15))
    (fp_line (start -2.075 -5.05) (end -3.45 -5.05) (layer F.SilkS) (width 0.15))
    (pad 1 smd rect (at -2.7 -4.445 90) (size 1.5 0.6) (layers F.Cu F.Paste F.Mask)
      (net 2 Earth))
    (pad 2 smd rect (at -2.7 -3.175 90) (size 1.5 0.6) (layers F.Cu F.Paste F.Mask)
      (net 17 /TTL_TX))
    (pad 3 smd rect (at -2.7 -1.905 90) (size 1.5 0.6) (layers F.Cu F.Paste F.Mask)
      (net 18 /TTL_RX))
    (pad 4 smd rect (at -2.7 -0.635 90) (size 1.5 0.6) (layers F.Cu F.Paste F.Mask)
      (net 4 3V3))
    (pad 5 smd rect (at -2.7 0.635 90) (size 1.5 0.6) (layers F.Cu F.Paste F.Mask)
      (net 14 /USB_D+))
    (pad 6 smd rect (at -2.7 1.905 90) (size 1.5 0.6) (layers F.Cu F.Paste F.Mask)
      (net 13 /USB_D-))
    (pad 7 smd rect (at -2.7 3.175 90) (size 1.5 0.6) (layers F.Cu F.Paste F.Mask)
      (net 1 /USB_XI))
    (pad 8 smd rect (at -2.7 4.445 90) (size 1.5 0.6) (layers F.Cu F.Paste F.Mask)
      (net 3 "Net-(C2-Pad1)"))
    (pad 9 smd rect (at 2.7 4.445 90) (size 1.5 0.6) (layers F.Cu F.Paste F.Mask))
    (pad 10 smd rect (at 2.7 3.175 90) (size 1.5 0.6) (layers F.Cu F.Paste F.Mask))
    (pad 11 smd rect (at 2.7 1.905 90) (size 1.5 0.6) (layers F.Cu F.Paste F.Mask))
    (pad 12 smd rect (at 2.7 0.635 90) (size 1.5 0.6) (layers F.Cu F.Paste F.Mask))
    (pad 13 smd rect (at 2.7 -0.635 90) (size 1.5 0.6) (layers F.Cu F.Paste F.Mask))
    (pad 14 smd rect (at 2.7 -1.905 90) (size 1.5 0.6) (layers F.Cu F.Paste F.Mask))
    (pad 15 smd rect (at 2.7 -3.175 90) (size 1.5 0.6) (layers F.Cu F.Paste F.Mask))
    (pad 16 smd rect (at 2.7 -4.445 90) (size 1.5 0.6) (layers F.Cu F.Paste F.Mask)
      (net 4 3V3))
    (model ${KISYS3DMOD}/Package_SO.3dshapes/SOIC-16_3.9x9.9mm_P1.27mm.wrl
      (at (xyz 0 0 0))
      (scale (xyz 1 1 1))
      (rotate (xyz 0 0 0))
    )
  )

  (module Package_SO:SOIC-16_3.9x9.9mm_P1.27mm (layer F.Cu) (tedit 5A02F2D3) (tstamp 5DB2EE9C)
    (at 119.888 83.312 270)
    (descr "16-Lead Plastic Small Outline (SL) - Narrow, 3.90 mm Body [SOIC] (see Microchip Packaging Specification 00000049BS.pdf)")
    (tags "SOIC 1.27")
    (path /5DA90833)
    (attr smd)
    (fp_text reference U3 (at 0 0) (layer F.SilkS)
      (effects (font (size 0.9 0.9) (thickness 0.15)))
    )
    (fp_text value MAX3232 (at -0.565001 5.764999 270) (layer F.Fab)
      (effects (font (size 1 1) (thickness 0.15)))
    )
    (fp_line (start -2.075 -5.05) (end -3.45 -5.05) (layer F.SilkS) (width 0.15))
    (fp_line (start -2.075 5.075) (end 2.075 5.075) (layer F.SilkS) (width 0.15))
    (fp_line (start -2.075 -5.075) (end 2.075 -5.075) (layer F.SilkS) (width 0.15))
    (fp_line (start -2.075 5.075) (end -2.075 4.97) (layer F.SilkS) (width 0.15))
    (fp_line (start 2.075 5.075) (end 2.075 4.97) (layer F.SilkS) (width 0.15))
    (fp_line (start 2.075 -5.075) (end 2.075 -4.97) (layer F.SilkS) (width 0.15))
    (fp_line (start -2.075 -5.075) (end -2.075 -5.05) (layer F.SilkS) (width 0.15))
    (fp_line (start -3.7 5.25) (end 3.7 5.25) (layer F.CrtYd) (width 0.05))
    (fp_line (start -3.7 -5.25) (end 3.7 -5.25) (layer F.CrtYd) (width 0.05))
    (fp_line (start 3.7 -5.25) (end 3.7 5.25) (layer F.CrtYd) (width 0.05))
    (fp_line (start -3.7 -5.25) (end -3.7 5.25) (layer F.CrtYd) (width 0.05))
    (fp_line (start -1.95 -3.95) (end -0.95 -4.95) (layer F.Fab) (width 0.15))
    (fp_line (start -1.95 4.95) (end -1.95 -3.95) (layer F.Fab) (width 0.15))
    (fp_line (start 1.95 4.95) (end -1.95 4.95) (layer F.Fab) (width 0.15))
    (fp_line (start 1.95 -4.95) (end 1.95 4.95) (layer F.Fab) (width 0.15))
    (fp_line (start -0.95 -4.95) (end 1.95 -4.95) (layer F.Fab) (width 0.15))
    (fp_text user %R (at 0 0 270) (layer F.Fab)
      (effects (font (size 0.9 0.9) (thickness 0.135)))
    )
    (pad 16 smd rect (at 2.7 -4.445 270) (size 1.5 0.6) (layers F.Cu F.Paste F.Mask)
      (net 4 3V3))
    (pad 15 smd rect (at 2.7 -3.175 270) (size 1.5 0.6) (layers F.Cu F.Paste F.Mask)
      (net 2 Earth))
    (pad 14 smd rect (at 2.7 -1.905 270) (size 1.5 0.6) (layers F.Cu F.Paste F.Mask)
      (net 15 /RS232_TX))
    (pad 13 smd rect (at 2.7 -0.635 270) (size 1.5 0.6) (layers F.Cu F.Paste F.Mask)
      (net 16 /RS232_RX))
    (pad 12 smd rect (at 2.7 0.635 270) (size 1.5 0.6) (layers F.Cu F.Paste F.Mask)
      (net 18 /TTL_RX))
    (pad 11 smd rect (at 2.7 1.905 270) (size 1.5 0.6) (layers F.Cu F.Paste F.Mask)
      (net 17 /TTL_TX))
    (pad 10 smd rect (at 2.7 3.175 270) (size 1.5 0.6) (layers F.Cu F.Paste F.Mask))
    (pad 9 smd rect (at 2.7 4.445 270) (size 1.5 0.6) (layers F.Cu F.Paste F.Mask))
    (pad 8 smd rect (at -2.7 4.445 270) (size 1.5 0.6) (layers F.Cu F.Paste F.Mask))
    (pad 7 smd rect (at -2.7 3.175 270) (size 1.5 0.6) (layers F.Cu F.Paste F.Mask))
    (pad 6 smd rect (at -2.7 1.905 270) (size 1.5 0.6) (layers F.Cu F.Paste F.Mask)
      (net 10 "Net-(C8-Pad2)"))
    (pad 5 smd rect (at -2.7 0.635 270) (size 1.5 0.6) (layers F.Cu F.Paste F.Mask)
      (net 7 "Net-(C6-Pad2)"))
    (pad 4 smd rect (at -2.7 -0.635 270) (size 1.5 0.6) (layers F.Cu F.Paste F.Mask)
      (net 8 "Net-(C6-Pad1)"))
    (pad 3 smd rect (at -2.7 -1.905 270) (size 1.5 0.6) (layers F.Cu F.Paste F.Mask)
      (net 6 "Net-(C4-Pad2)"))
    (pad 2 smd rect (at -2.7 -3.175 270) (size 1.5 0.6) (layers F.Cu F.Paste F.Mask)
      (net 9 "Net-(C7-Pad2)"))
    (pad 1 smd rect (at -2.7 -4.445 270) (size 1.5 0.6) (layers F.Cu F.Paste F.Mask)
      (net 5 "Net-(C4-Pad1)"))
    (model ${KISYS3DMOD}/Package_SO.3dshapes/SOIC-16_3.9x9.9mm_P1.27mm.wrl
      (at (xyz 0 0 0))
      (scale (xyz 1 1 1))
      (rotate (xyz 0 0 0))
    )
  )

  (module Crystal:Crystal_HC49-4H_Vertical (layer F.Cu) (tedit 5A1AD3B7) (tstamp 5DA6032A)
    (at 111.125 69.977 270)
    (descr "Crystal THT HC-49-4H http://5hertz.com/pdfs/04404_D.pdf")
    (tags "THT crystalHC-49-4H")
    (path /5DA9117C)
    (fp_text reference Y1 (at 2.44 -0.127) (layer F.SilkS)
      (effects (font (size 0.9 0.9) (thickness 0.15)))
    )
    (fp_text value 12M (at 2.44 3.525 270) (layer F.Fab)
      (effects (font (size 1 1) (thickness 0.15)))
    )
    (fp_text user %R (at 2.44 0 270) (layer F.Fab)
      (effects (font (size 1 1) (thickness 0.15)))
    )
    (fp_line (start -0.76 -2.325) (end 5.64 -2.325) (layer F.Fab) (width 0.1))
    (fp_line (start -0.76 2.325) (end 5.64 2.325) (layer F.Fab) (width 0.1))
    (fp_line (start -0.56 -2) (end 5.44 -2) (layer F.Fab) (width 0.1))
    (fp_line (start -0.56 2) (end 5.44 2) (layer F.Fab) (width 0.1))
    (fp_line (start -0.76 -2.525) (end 5.64 -2.525) (layer F.SilkS) (width 0.12))
    (fp_line (start -0.76 2.525) (end 5.64 2.525) (layer F.SilkS) (width 0.12))
    (fp_line (start -3.6 -2.8) (end -3.6 2.8) (layer F.CrtYd) (width 0.05))
    (fp_line (start -3.6 2.8) (end 8.5 2.8) (layer F.CrtYd) (width 0.05))
    (fp_line (start 8.5 2.8) (end 8.5 -2.8) (layer F.CrtYd) (width 0.05))
    (fp_line (start 8.5 -2.8) (end -3.6 -2.8) (layer F.CrtYd) (width 0.05))
    (fp_arc (start -0.76 0) (end -0.76 -2.325) (angle -180) (layer F.Fab) (width 0.1))
    (fp_arc (start 5.64 0) (end 5.64 -2.325) (angle 180) (layer F.Fab) (width 0.1))
    (fp_arc (start -0.56 0) (end -0.56 -2) (angle -180) (layer F.Fab) (width 0.1))
    (fp_arc (start 5.44 0) (end 5.44 -2) (angle 180) (layer F.Fab) (width 0.1))
    (fp_arc (start -0.76 0) (end -0.76 -2.525) (angle -180) (layer F.SilkS) (width 0.12))
    (fp_arc (start 5.64 0) (end 5.64 -2.525) (angle 180) (layer F.SilkS) (width 0.12))
    (pad 1 thru_hole circle (at 0 0 270) (size 1.5 1.5) (drill 0.8) (layers *.Cu *.Mask)
      (net 1 /USB_XI))
    (pad 2 thru_hole circle (at 4.88 0 270) (size 1.5 1.5) (drill 0.8) (layers *.Cu *.Mask)
      (net 3 "Net-(C2-Pad1)"))
    (model ${KISYS3DMOD}/Crystal.3dshapes/Crystal_HC49-4H_Vertical.wrl
      (at (xyz 0 0 0))
      (scale (xyz 1 1 1))
      (rotate (xyz 0 0 0))
    )
  )

  (module Capacitor_SMD:C_0805_2012Metric (layer F.Cu) (tedit 5B36C52B) (tstamp 5DBCAC99)
    (at 127.508 77.8025 90)
